UE positions (x y z)
-9.00454 0.981705 1.3
-9.00057 -0.0182872 1.3
-8.9966 -1.01828 1.3
-8.99263 -2.01827 1.3
-8.00455 0.985674 1.3
-8.00058 -0.0143178 1.3
-7.99661 -1.01431 1.3
-7.99264 -2.0143 1.3
-7.0244 5.9896 1.3
-7.02044 4.98961 1.3
-7.01647 3.98962 1.3
-7.0125 2.98963 1.3
-7.00853 1.98964 1.3
-7.00456 0.989644 1.3
-7.00059 -0.0103483 1.3
-6.99662 -1.01034 1.3
-6.99265 -2.01033 1.3
-6.98868 -3.01032 1.3
-6.98471 -4.01032 1.3
-6.98074 -5.01031 1.3
-6.97677 -6.0103 1.3
-6.9728 -7.01029 1.3
-6.02441 5.99357 1.3
-6.02044 4.99358 1.3
-6.01647 3.99359 1.3
-6.0125 2.9936 1.3
-6.00853 1.99361 1.3
-6.00457 0.993613 1.3
-6.0006 -0.00637892 1.3
-5.99663 -1.00637 1.3
-5.99266 -2.00636 1.3
-5.98869 -3.00635 1.3
-5.98472 -4.00635 1.3
-5.98075 -5.00634 1.3
-5.97678 -6.00633 1.3
-5.97281 -7.00632 1.3
-5.02442 5.99754 1.3
-5.02045 4.99755 1.3
-5.01648 3.99756 1.3
-5.01251 2.99757 1.3
-5.00854 1.99757 1.3
-5.00457 0.997583 1.3
-5.0006 -0.00240951 1.3
-4.99663 -1.0024 1.3
-4.99267 -2.00239 1.3
-4.9887 -3.00239 1.3
-4.98473 -4.00238 1.3
-4.98076 -5.00237 1.3
-4.97679 -6.00236 1.3
-4.97282 -7.00235 1.3
-4.02443 6.00151 1.3
-4.02046 5.00152 1.3
-4.01649 4.00153 1.3
-4.01252 3.00154 1.3
-4.00855 2.00154 1.3
-4.00458 1.00155 1.3
-4.00061 0.00155991 1.3
-3.99664 -0.998432 1.3
-3.99267 -1.99842 1.3
-3.9887 -2.99842 1.3
-3.98473 -3.99841 1.3
-3.98076 -4.9984 1.3
-3.9768 -5.99839 1.3
-3.97283 -6.99838 1.3
-3.02444 6.00548 1.3
-3.02047 5.00549 1.3
-3.0165 4.0055 1.3
-3.01253 3.00551 1.3
-3.00856 2.00551 1.3
-3.00459 1.00552 1.3
-3.00062 0.00552933 1.3
-2.99665 -0.994463 1.3
-2.99268 -1.99445 1.3
-2.98871 -2.99445 1.3
-2.98474 -3.99444 1.3
-2.98077 -4.99443 1.3
-2.9768 -5.99442 1.3
-2.97283 -6.99442 1.3
-2.02444 6.00945 1.3
-2.02047 5.00946 1.3
-2.01651 4.00947 1.3
-2.01254 3.00948 1.3
-2.00857 2.00948 1.3
-2.0046 1.00949 1.3
-2.00063 0.00949874 1.3
-1.99666 -0.990493 1.3
-1.99269 -1.99049 1.3
-1.98872 -2.99048 1.3
-1.98475 -3.99047 1.3
-1.98078 -4.99046 1.3
-1.97681 -5.99045 1.3
-1.97284 -6.99045 1.3
-1.02445 6.01342 1.3
-1.02048 5.01343 1.3
-1.01651 4.01344 1.3
-1.01254 3.01344 1.3
-1.00857 2.01345 1.3
-1.0046 1.01346 1.3
-1.00064 0.0134682 1.3
-0.996666 -0.986524 1.3
-0.992697 -1.98652 1.3
-0.988727 -2.98651 1.3
-0.984758 -3.9865 1.3
-0.980788 -4.98649 1.3
-0.976819 -5.98648 1.3
-0.97285 -6.98648 1.3
-0.0244598 6.01739 1.3
-0.0204904 5.0174 1.3
-0.016521 4.01741 1.3
-0.0125516 3.01741 1.3
-0.00858218 2.01742 1.3
-0.00461276 1.01743 1.3
-0.000643346 0.0174376 1.3
0.00332607 -0.982555 1.3
0.00729549 -1.98255 1.3
0.0112649 -2.98254 1.3
0.0152343 -3.98253 1.3
0.0192037 -4.98252 1.3
0.0231732 -5.98251 1.3
0.0271426 -6.98251 1.3
0.975532 6.02136 1.3
0.979502 5.02137 1.3
0.983471 4.02138 1.3
0.987441 3.02138 1.3
0.99141 2.02139 1.3
0.995379 1.0214 1.3
0.999349 0.021407 1.3
1.00332 -0.978585 1.3
1.00729 -1.97858 1.3
1.01126 -2.97857 1.3
1.01523 -3.97856 1.3
1.0192 -4.97855 1.3
1.02317 -5.97855 1.3
1.02713 -6.97854 1.3
1.97552 6.02533 1.3
1.97949 5.02534 1.3
1.98346 4.02535 1.3
1.98743 3.02535 1.3
1.9914 2.02536 1.3
1.99537 1.02537 1.3
1.99934 0.0253764 1.3
2.00331 -0.974616 1.3
2.00728 -1.97461 1.3
2.01125 -2.9746 1.3
2.01522 -3.97459 1.3
2.01919 -4.97458 1.3
2.02316 -5.97458 1.3
2.02713 -6.97457 1.3
2.97552 6.0293 1.3
2.97949 5.02931 1.3
2.98346 4.02931 1.3
2.98742 3.02932 1.3
2.99139 2.02933 1.3
2.99536 1.02934 1.3
2.99933 0.0293458 1.3
3.0033 -0.970646 1.3
3.00727 -1.97064 1.3
3.01124 -2.97063 1.3
3.01521 -3.97062 1.3
3.01918 -4.97061 1.3
3.02315 -5.97061 1.3
3.02712 -6.9706 1.3
3.97551 6.03327 1.3
3.97948 5.03328 1.3
3.98345 4.03328 1.3
3.98742 3.03329 1.3
3.99139 2.0333 1.3
3.99536 1.03331 1.3
3.99933 0.0333152 1.3
4.00329 -0.966677 1.3
4.00726 -1.96667 1.3
4.01123 -2.96666 1.3
4.0152 -3.96665 1.3
4.01917 -4.96664 1.3
4.02314 -5.96664 1.3
4.02711 -6.96663 1.3
4.9755 6.03724 1.3
4.97947 5.03725 1.3
4.98344 4.03725 1.3
4.98741 3.03726 1.3
4.99138 2.03727 1.3
4.99535 1.03728 1.3
4.99932 0.0372847 1.3
5.00329 -0.962707 1.3
5.00726 -1.9627 1.3
5.01123 -2.96269 1.3
5.01519 -3.96268 1.3
5.01916 -4.96268 1.3
5.02313 -5.96267 1.3
5.0271 -6.96266 1.3
5.97549 6.04121 1.3
5.97946 5.04121 1.3
5.98343 4.04122 1.3
5.9874 3.04123 1.3
5.99137 2.04124 1.3
5.99534 1.04125 1.3
5.99931 0.0412541 1.3
6.00328 -0.958738 1.3
6.00725 -1.95873 1.3
6.01122 -2.95872 1.3
6.01519 -3.95871 1.3
6.01916 -4.95871 1.3
6.02313 -5.9587 1.3
6.0271 -6.95869 1.3
6.97549 6.04518 1.3
6.97945 5.04518 1.3
6.98342 4.04519 1.3
6.98739 3.0452 1.3
6.99136 2.04521 1.3
6.99533 1.04522 1.3
6.9993 0.0452235 1.3
7.00327 -0.954769 1.3
7.00724 -1.95476 1.3
7.01121 -2.95475 1.3
7.01518 -3.95474 1.3
7.01915 -4.95474 1.3
7.02312 -5.95473 1.3
7.02709 -6.95472 1.3
